2 11 3833
2 23 3821
2 41 3803
2 47 3797
2 83 3761
2 167 3677
2 173 3671
2 227 3617
2 251 3593
2 263 3581
2 311 3533
2 317 3527
2 353 3491
2 383 3461
2 431 3413
2 521 3323
2 587 3257
2 593 3251
2 641 3203
2 653 3191
2 677 3167
2 761 3083
2 821 3023
2 881 2963
2 887 2957
2 941 2903
2 947 2897
2 983 2861
2 1091 2753
2 1103 2741
2 1151 2693
2 1181 2663
2 1187 2657
2 1223 2621
2 1301 2543
2 1367 2477
2 1427 2417
2 1433 2411
2 1451 2393
2 1487 2357
2 1493 2351
2 1511 2333
2 1571 2273
2 1601 2243
2 1607 2237
2 1637 2207
2 1733 2111
2 1847 1997
2 1871 1973
2 1913 1931
0 0 0